seed=42
train=352
val=76
test=78

--- TRAIN ---
00000
00001
00005
00007
00008
00009
00010
00011
00012
00013
00015
00016
00017
00018
00019
00020
00023
00024
00025
00030
00032
00033
00035
00036
00037
00039
00041
00042
00043
00044
00047
00048
00049
00050
00051
00052
00053
00054
00056
00058
00061
00062
00063
00064
00065
00066
00067
00068
00072
00073
00074
00075
00076
00077
00081
00082
00083
00084
00085
00086
00088
00090
00091
00092
00094
00096
00097
00102
00103
00104
00106
00107
00109
00110
00111
00112
00113
00114
00115
00117
00118
00119
00120
00121
00122
00124
00125
00126
00127
00128
00129
00131
00134
00135
00136
00137
00141
00146
00148
00149
00150
00151
00154
00157
00160
00166
00168
00169
00170
00171
00172
00173
00174
00175
00177
00179
00180
00181
00182
00184
00186
00189
00190
00191
00192
00193
00195
00197
00198
00200
00202
00204
00205
00207
00208
00209
00210
00211
00212
00216
00217
00220
00222
00223
00225
00226
00227
00228
00229
00230
00231
00232
00234
00237
00238
00239
00240
00241
00243
00245
00246
00247
00248
00249
00250
00251
00252
00253
00254
00255
00257
00258
00259
00260
00262
00263
00264
00265
00266
00268
00270
00271
00272
00276
00278
00280
00284
00285
00286
00287
00289
00290
00291
00292
00293
00295
00296
00297
00298
00299
00300
00301
00302
00303
00304
00306
00307
00309
00311
00312
00313
00314
00315
00316
00318
00323
00330
00333
00334
00337
00338
00340
00341
00343
00346
00347
00348
00349
00350
00352
00356
00358
00359
00360
00362
00363
00367
00371
00374
00375
00376
00378
00379
00380
00382
00384
00385
00386
00387
00390
00391
00392
00393
00396
00397
00398
00400
00401
00403
00404
00405
00406
00408
00410
00411
00414
00415
00416
00418
00419
00421
00422
00423
00426
00427
00428
00430
00431
00433
00434
00436
00441
00444
00445
00446
00448
00449
00450
00451
00452
00455
00459
00460
00463
00465
00466
00467
00468
00471
00472
00473
00476
00477
00478
00481
00484
00486
00487
00490
00491
00492
00493
00496
00497
00498
00499
00500
00502
00503
00504
00505
00507
00508
00509
00512
00513
00514
00515
00517
00519
00520
00521
00523
00524
00527
00528
00530
00531
00536
00542
00545
00551
00552
00554
00556
00560
00565
00566
00570
00571
00575
00599
--- VAL ---
00002
00003
00004
00006
00021
00026
00028
00029
00031
00046
00059
00071
00089
00093
00098
00099
00100
00123
00130
00132
00140
00152
00155
00158
00159
00161
00162
00163
00165
00167
00176
00187
00194
00199
00201
00214
00219
00221
00242
00261
00267
00269
00274
00275
00277
00281
00282
00305
00320
00322
00351
00355
00357
00366
00368
00373
00395
00402
00412
00413
00417
00432
00435
00439
00440
00453
00456
00461
00470
00475
00479
00480
00501
00557
00567
00593
--- TEST ---
00014
00022
00027
00034
00038
00040
00045
00055
00057
00060
00069
00070
00078
00079
00080
00087
00095
00101
00105
00116
00133
00138
00142
00143
00144
00147
00153
00156
00164
00178
00183
00185
00188
00196
00203
00206
00215
00218
00224
00233
00236
00244
00256
00273
00279
00283
00288
00294
00310
00317
00319
00339
00344
00353
00369
00370
00372
00377
00383
00388
00420
00425
00438
00443
00447
00457
00458
00474
00482
00483
00485
00488
00494
00516
00518
00544
00548
00564